5000    13394
10000    11565
15000    10211
20000    9487
25000    9311
30000    9108
35000    8797
40000    8491
45000    8439
50000    8410
55000    8262
60000    8189
65000    8170
70000    8166
75000    8158
80000    8158
85000    8158
90000    8158
95000    8158
100000    8158
105000    8158
110000    8158
115000    8158
120000    8158
125000    8158
130000    8158
135000    8158
140000    8158
145000    8158
150000    8158
155000    8158
160000    8158
165000    8158
170000    8158
175000    8158
180000    8158
185000    8158
190000    8158
195000    8158
200000    8158
205000    8158
210000    8158
215000    8158
220000    8158
225000    8158
230000    8158
235000    8158
240000    8158
245000    8158
250000    8158
255000    8158
260000    8158
265000    8158
270000    8158
275000    8158
280000    8158
285000    8158
290000    8158
295000    8158
300000    8158
305000    8158
310000    8158
315000    8158
320000    8158
325000    8158
330000    8158
335000    8082
340000    8082
345000    8082
350000    8082
355000    8082
360000    8082
365000    8082
370000    8082
375000    8082
380000    8082
385000    8082
390000    8082
395000    8082
400000    8082
405000    8082
410000    8082
415000    8082
420000    8082
425000    8082
430000    8082
435000    8082
440000    8082
445000    8082
450000    8082
455000    8082
460000    8082
465000    8082
470000    8082
475000    8082
480000    8082
485000    8082
490000    8082
495000    8082
500000    8082
